<?xml version="1.0"?>
<opencv_storage>
<intrinsic type_id="opencv-matrix">
  <rows>3</rows>
  <cols>3</cols>
  <dt>d</dt>
  <data>
    1.3326612206627808e+04 0. 2.4185387202136576e+02 0.
    1.9649250078345303e+04 2.7084528684316064e+02 0. 0. 1.</data></intrinsic>
<distortion type_id="opencv-matrix">
  <rows>1</rows>
  <cols>5</cols>
  <dt>d</dt>
  <data>
    6.7355025098224697e-01 1.4553033409480726e+01 1.9444362453392783e-01
    -8.2072623272010214e-03 1.4283756210148765e-02</data></distortion>
</opencv_storage>
