<?xml version="1.0"?>
<opencv_storage>
<intrinsic type_id="opencv-matrix">
  <rows>3</rows>
  <cols>3</cols>
  <dt>d</dt>
  <data>
    8.5027635839697950e+02 0. 4.1084510276785221e+02 0.
    8.6957565971486019e+02 3.9384137965663211e+02 0. 0. 1.</data></intrinsic>
<distortion type_id="opencv-matrix">
  <rows>1</rows>
  <cols>5</cols>
  <dt>d</dt>
  <data>
    4.4287729170232215e-01 -2.8049356633750437e+00
    4.5883658682972561e-02 -1.5611014903367384e-02
    5.1870706431309248e+00</data></distortion>
</opencv_storage>
