<?xml version="1.0"?>
<opencv_storage>
<intrinsic type_id="opencv-matrix">
  <rows>3</rows>
  <cols>3</cols>
  <dt>d</dt>
  <data>
    9.3586351398806426e+02 0. 5.0850593857716063e+02 0.
    9.4730378875364170e+02 3.8272833420984159e+02 0. 0. 1.</data></intrinsic>
<distortion type_id="opencv-matrix">
  <rows>1</rows>
  <cols>5</cols>
  <dt>d</dt>
  <data>
    3.4359854591298360e-02 -2.2969359378358972e-01
    1.0758064438627285e-02 1.0296013395182430e-02 6.2707248308597952e-01</data></distortion>
</opencv_storage>
