<?xml version="1.0"?>
<opencv_storage>
<intrinsic type_id="opencv-matrix">
  <rows>3</rows>
  <cols>3</cols>
  <dt>d</dt>
  <data>
    9.4362854487585878e+02 0. 4.7191370371967230e+02 0.
    9.5078578654180990e+02 3.4429415894535964e+02 0. 0. 1.</data></intrinsic>
<distortion type_id="opencv-matrix">
  <rows>1</rows>
  <cols>5</cols>
  <dt>d</dt>
  <data>
    1.1872509195717691e-01 -1.5786515702408646e+00
    6.7775462721825176e-04 -1.8901799560795058e-03
    6.7364994165839391e+00</data></distortion>
</opencv_storage>
