<?xml version="1.0"?>
<opencv_storage>
<intrinsic type_id="opencv-matrix">
  <rows>3</rows>
  <cols>3</cols>
  <dt>d</dt>
  <data>
    1.3673750471974051e+03 0. 4.2786393756826118e+02 0.
    1.6886549187308169e+03 4.3300204281175240e+02 0. 0. 1.</data></intrinsic>
<distortion type_id="opencv-matrix">
  <rows>1</rows>
  <cols>5</cols>
  <dt>d</dt>
  <data>
    -9.1336763171376623e-02 7.4523425655333693e+00
    -3.6296543168060661e-03 -1.0751546698714468e-01
    -5.2145713159453067e+01</data></distortion>
</opencv_storage>
