<?xml version="1.0"?>
<opencv_storage>
<intrinsic type_id="opencv-matrix">
  <rows>3</rows>
  <cols>3</cols>
  <dt>d</dt>
  <data>
    1.0533585341830169e+03 0. 4.3896842175633361e+02 0.
    1.3198327307640679e+03 5.3816368591226126e+02 0. 0. 1.</data></intrinsic>
<distortion type_id="opencv-matrix">
  <rows>1</rows>
  <cols>5</cols>
  <dt>d</dt>
  <data>
    5.0814969272760124e-01 -3.6282144133507801e+00
    1.8008104086180338e-01 -9.7128912353926483e-02
    1.2775467560592102e+01</data></distortion>
</opencv_storage>
