<?xml version="1.0"?>
<opencv_storage>
<intrinsic type_id="opencv-matrix">
  <rows>3</rows>
  <cols>3</cols>
  <dt>d</dt>
  <data>
    9.4674910098044018e+02 0. 5.6455323415257703e+02 0.
    9.4526659256329685e+02 3.4126893444328238e+02 0. 0. 1.</data></intrinsic>
<distortion type_id="opencv-matrix">
  <rows>1</rows>
  <cols>5</cols>
  <dt>d</dt>
  <data>
    -1.4395149298799029e-01 2.6480759505971652e-01
    -8.8608084621530402e-04 8.3778018323883152e-03
    -1.5377030020765936e-01</data></distortion>
</opencv_storage>
