<?xml version="1.0"?>
<opencv_storage>
<intrinsic type_id="opencv-matrix">
  <rows>3</rows>
  <cols>3</cols>
  <dt>d</dt>
  <data>
    1.0316446602085168e+03 0. 5.1932998630058228e+02 0.
    1.0539623917162205e+03 2.9847464641972078e+02 0. 0. 1.</data></intrinsic>
<distortion type_id="opencv-matrix">
  <rows>1</rows>
  <cols>5</cols>
  <dt>d</dt>
  <data>
    5.9304216126210910e-02 -9.8485402225558405e-02
    -1.9127871633589266e-02 1.0426445912407947e-02
    3.4614579620858238e-01</data></distortion>
</opencv_storage>
